 ##E (eV)---total itensity
    284.5636          0.00000000
    284.5636          0.02091167
    284.5636          0.04182334
    284.5636          0.08364669
    284.5636          0.16729337

    286.2020          0.00000000
    286.2020          0.00000000
    286.2020          0.00000000
    286.2020          0.00000000
    286.2020          0.00000000

    287.1415          0.00000000
    287.1415          0.02136433
    287.1415          0.04272866
    287.1415          0.08545733
    287.1415          0.17091465

    289.5820          0.00000000
    289.5820          0.00067116
    289.5820          0.00134231
    289.5820          0.00268463
    289.5820          0.00536925

    289.9197          0.00000000
    289.9197          0.00625135
    289.9197          0.01250271
    289.9197          0.02500541
    289.9197          0.05001082

    289.9529          0.00000000
    289.9529          0.00001656
    289.9529          0.00003313
    289.9529          0.00006626
    289.9529          0.00013251

    290.1290          0.00000000
    290.1290          0.00687615
    290.1290          0.01375229
    290.1290          0.02750458
    290.1290          0.05500916

    290.4287          0.00000000
    290.4287          0.01877708
    290.4287          0.03755417
    290.4287          0.07510834
    290.4287          0.15021667

    291.8472          0.00000000
    291.8472          0.00545405
    291.8472          0.01090809
    291.8472          0.02181619
    291.8472          0.04363237

    292.1561          0.00000000
    292.1561          0.01273398
    292.1561          0.02546796
    292.1561          0.05093591
    292.1561          0.10187182

    292.2853          0.00000000
    292.2853          0.02311534
    292.2853          0.04623069
    292.2853          0.09246137
    292.2853          0.18492274

    293.7948          0.00000000
    293.7948          0.00017224
    293.7948          0.00034448
    293.7948          0.00068897
    293.7948          0.00137793

    293.8584          0.00000000
    293.8584          0.01780309
    293.8584          0.03560619
    293.8584          0.07121237
    293.8584          0.14242474

    295.1362          0.00000000
    295.1362          0.00222726
    295.1362          0.00445452
    295.1362          0.00890905
    295.1362          0.01781809

    295.3908          0.00000000
    295.3908          0.02876609
    295.3908          0.05753218
    295.3908          0.11506436
    295.3908          0.23012871

    295.5173          0.00000000
    295.5173          0.01164950
    295.5173          0.02329899
    295.5173          0.04659798
    295.5173          0.09319596

    296.4713          0.00000000
    296.4713          0.00410782
    296.4713          0.00821565
    296.4713          0.01643129
    296.4713          0.03286258

    296.9908          0.00000000
    296.9908          0.00409127
    296.9908          0.00818253
    296.9908          0.01636506
    296.9908          0.03273012

    297.0233          0.00000000
    297.0233          0.00185805
    297.0233          0.00371609
    297.0233          0.00743218
    297.0233          0.01486436

    298.2647          0.00000000
    298.2647          0.00160485
    298.2647          0.00320971
    298.2647          0.00641942
    298.2647          0.01283883

    298.5249          0.00000000
    298.5249          0.00540147
    298.5249          0.01080294
    298.5249          0.02160587
    298.5249          0.04321174

    298.7571          0.00000000
    298.7571          0.00163745
    298.7571          0.00327490
    298.7571          0.00654980
    298.7571          0.01309959

    298.8349          0.00000000
    298.8349          0.00000000
    298.8349          0.00000000
    298.8349          0.00000000
    298.8349          0.00000000

    299.0431          0.00000000
    299.0431          0.00050397
    299.0431          0.00100793
    299.0431          0.00201587
    299.0431          0.00403173

    299.6475          0.00000000
    299.6475          0.04053999
    299.6475          0.08107998
    299.6475          0.16215996
    299.6475          0.32431991

    300.4016          0.00000000
    300.4016          0.00927996
    300.4016          0.01855992
    300.4016          0.03711983
    300.4016          0.07423966

    300.4878          0.00000000
    300.4878          0.00495149
    300.4878          0.00990297
    300.4878          0.01980595
    300.4878          0.03961189

    301.1985          0.00000000
    301.1985          0.00000000
    301.1985          0.00000000
    301.1985          0.00000000
    301.1985          0.00000000

    302.1212          0.00000000
    302.1212          0.00520727
    302.1212          0.01041455
    302.1212          0.02082909
    302.1212          0.04165818

    302.7112          0.00000000
    302.7112          0.00085939
    302.7112          0.00171878
    302.7112          0.00343756
    302.7112          0.00687511

    303.2984          0.00000000
    303.2984          0.00127951
    303.2984          0.00255902
    303.2984          0.00511803
    303.2984          0.01023606

    303.6866          0.00000000
    303.6866          0.00013780
    303.6866          0.00027560
    303.6866          0.00055121
    303.6866          0.00110241

    304.2727          0.00000000
    304.2727          0.00112124
    304.2727          0.00224248
    304.2727          0.00448497
    304.2727          0.00896993

    304.9411          0.00000000
    304.9411          0.00006275
    304.9411          0.00012550
    304.9411          0.00025100
    304.9411          0.00050199

    304.9799          0.00000000
    304.9799          0.01455742
    304.9799          0.02911484
    304.9799          0.05822969
    304.9799          0.11645937

    305.6036          0.00000000
    305.6036          0.00201376
    305.6036          0.00402752
    305.6036          0.00805505
    305.6036          0.01611009

    306.9347          0.00000000
    306.9347          0.00084606
    306.9347          0.00169212
    306.9347          0.00338424
    306.9347          0.00676847

    307.3687          0.00000000
    307.3687          0.00030163
    307.3687          0.00060327
    307.3687          0.00120654
    307.3687          0.00241307

    308.1888          0.00000000
    308.1888          0.00129691
    308.1888          0.00259383
    308.1888          0.00518765
    308.1888          0.01037530

    309.0428          0.00000000
    309.0428          0.00079733
    309.0428          0.00159466
    309.0428          0.00318931
    309.0428          0.00637862

    309.1505          0.00000000
    309.1505          0.00411002
    309.1505          0.00822005
    309.1505          0.01644010
    309.1505          0.03288019

    309.5679          0.00000000
    309.5679          0.00114569
    309.5679          0.00229138
    309.5679          0.00458277
    309.5679          0.00916553

    309.5881          0.00000000
    309.5881          0.00002496
    309.5881          0.00004992
    309.5881          0.00009985
    309.5881          0.00019969

    311.3096          0.00000000
    311.3096          0.00000000
    311.3096          0.00000000
    311.3096          0.00000000
    311.3096          0.00000000

    313.6580          0.00000000
    313.6580          0.00006860
    313.6580          0.00013719
    313.6580          0.00027438
    313.6580          0.00054876

    313.9515          0.00000000
    313.9515          0.00055617
    313.9515          0.00111235
    313.9515          0.00222469
    313.9515          0.00444938

    314.1548          0.00000000
    314.1548          0.00132383
    314.1548          0.00264766
    314.1548          0.00529532
    314.1548          0.01059064

    314.9034          0.00000000
    314.9034          0.00000000
    314.9034          0.00000000
    314.9034          0.00000000
    314.9034          0.00000000

    316.6161          0.00000000
    316.6161          0.00025025
    316.6161          0.00050049
    316.6161          0.00100098
    316.6161          0.00200196

    316.6468          0.00000000
    316.6468          0.00000000
    316.6468          0.00000000
    316.6468          0.00000000
    316.6468          0.00000000

    318.9050          0.00000000
    318.9050          0.00100078
    318.9050          0.00200155
    318.9050          0.00400311
    318.9050          0.00800621

    319.8275          0.00000000
    319.8275          0.00081387
    319.8275          0.00162775
    319.8275          0.00325550
    319.8275          0.00651099

    322.4967          0.00000000
    322.4967          0.00470981
    322.4967          0.00941962
    322.4967          0.01883925
    322.4967          0.03767849

    323.6180          0.00000000
    323.6180          0.00152608
    323.6180          0.00305216
    323.6180          0.00610433
    323.6180          0.01220865

    324.5986          0.00000000
    324.5986          0.00570909
    324.5986          0.01141818
    324.5986          0.02283635
    324.5986          0.04567270

    324.6874          0.00000000
    324.6874          0.00001075
    324.6874          0.00002150
    324.6874          0.00004299
    324.6874          0.00008598

    326.2906          0.00000000
    326.2906          0.01453860
    326.2906          0.02907721
    326.2906          0.05815441
    326.2906          0.11630882

    327.3111          0.00000000
    327.3111          0.00000000
    327.3111          0.00000000
    327.3111          0.00000000
    327.3111          0.00000000

    327.8220          0.00000000
    327.8220          0.00609710
    327.8220          0.01219421
    327.8220          0.02438841
    327.8220          0.04877682

    328.1880          0.00000000
    328.1880          0.00015103
    328.1880          0.00030205
    328.1880          0.00060410
    328.1880          0.00120820

    328.7271          0.00000000
    328.7271          0.00082274
    328.7271          0.00164549
    328.7271          0.00329097
    328.7271          0.00658194

    330.3313          0.00000000
    330.3313          0.00128804
    330.3313          0.00257608
    330.3313          0.00515216
    330.3313          0.01030431

    330.3411          0.00000000
    330.3411          0.00008885
    330.3411          0.00017770
    330.3411          0.00035540
    330.3411          0.00071080

    330.8582          0.00000000
    330.8582          0.00383851
    330.8582          0.00767701
    330.8582          0.01535402
    330.8582          0.03070804

    332.3541          0.00000000
    332.3541          0.01571006
    332.3541          0.03142011
    332.3541          0.06284022
    332.3541          0.12568044

    332.8628          0.00000000
    332.8628          0.00407400
    332.8628          0.00814799
    332.8628          0.01629599
    332.8628          0.03259198

    334.0055          0.00000000
    334.0055          0.00048779
    334.0055          0.00097558
    334.0055          0.00195117
    334.0055          0.00390234

    334.0199          0.00000000
    334.0199          0.00000000
    334.0199          0.00000000
    334.0199          0.00000000
    334.0199          0.00000000

    334.7973          0.00000000
    334.7973          0.04122645
    334.7973          0.08245289
    334.7973          0.16490579
    334.7973          0.32981157

    335.3243          0.00000000
    335.3243          0.02410227
    335.3243          0.04820455
    335.3243          0.09640909
    335.3243          0.19281818

    335.8734          0.00000000
    335.8734          0.00293357
    335.8734          0.00586715
    335.8734          0.01173430
    335.8734          0.02346859

    335.9208          0.00000000
    335.9208          0.00000000
    335.9208          0.00000001
    335.9208          0.00000001
    335.9208          0.00000002

    336.4379          0.00000000
    336.4379          0.02643659
    336.4379          0.05287319
    336.4379          0.10574638
    336.4379          0.21149275

    336.9633          0.00000000
    336.9633          0.00407453
    336.9633          0.00814906
    336.9633          0.01629811
    336.9633          0.03259622

    338.4991          0.00000000
    338.4991          0.00002012
    338.4991          0.00004023
    338.4991          0.00008046
    338.4991          0.00016092

    338.9361          0.00000000
    338.9361          0.00194846
    338.9361          0.00389692
    338.9361          0.00779383
    338.9361          0.01558766

    338.9607          0.00000000
    338.9607          0.00723973
    338.9607          0.01447947
    338.9607          0.02895894
    338.9607          0.05791787

    340.6370          0.00000000
    340.6370          0.00313489
    340.6370          0.00626979
    340.6370          0.01253958
    340.6370          0.02507915

    341.8136          0.00000000
    341.8136          0.00000000
    341.8136          0.00000000
    341.8136          0.00000000
    341.8136          0.00000000

    343.2004          0.00000000
    343.2004          0.06237587
    343.2004          0.12475174
    343.2004          0.24950347
    343.2004          0.49900694

    346.9604          0.00000000
    346.9604          0.09528770
    346.9604          0.19057540
    346.9604          0.38115081
    346.9604          0.76230161

    347.2399          0.00000000
    347.2399          0.01136732
    347.2399          0.02273465
    347.2399          0.04546930
    347.2399          0.09093859

    347.8869          0.00000000
    347.8869          0.00002463
    347.8869          0.00004926
    347.8869          0.00009851
    347.8869          0.00019702

    348.0199          0.00000000
    348.0199          0.00000000
    348.0199          0.00000000
    348.0199          0.00000000
    348.0199          0.00000000

    349.0989          0.00000000
    349.0989          0.00036030
    349.0989          0.00072060
    349.0989          0.00144121
    349.0989          0.00288242

    349.4030          0.00000000
    349.4030          0.11712506
    349.4030          0.23425011
    349.4030          0.46850023
    349.4030          0.93700045

    349.4743          0.00000000
    349.4743          0.00712211
    349.4743          0.01424422
    349.4743          0.02848844
    349.4743          0.05697687

    353.4849          0.00000000
    353.4849          0.01755685
    353.4849          0.03511370
    353.4849          0.07022739
    353.4849          0.14045479

    354.0153          0.00000000
    354.0153          0.02681304
    354.0153          0.05362609
    354.0153          0.10725218
    354.0153          0.21450435

    355.5428          0.00000000
    355.5428          0.00064465
    355.5428          0.00128929
    355.5428          0.00257858
    355.5428          0.00515716

    356.7331          0.00000000
    356.7331          0.00085368
    356.7331          0.00170736
    356.7331          0.00341472
    356.7331          0.00682944

    356.7662          0.00000000
    356.7662          0.02316825
    356.7662          0.04633649
    356.7662          0.09267298
    356.7662          0.18534597

    357.0654          0.00000000
    357.0654          0.00016299
    357.0654          0.00032597
    357.0654          0.00065195
    357.0654          0.00130389

    357.1460          0.00000000
    357.1460          0.00014068
    357.1460          0.00028135
    357.1460          0.00056271
    357.1460          0.00112541

    358.0443          0.00000000
    358.0443          0.00007953
    358.0443          0.00015907
    358.0443          0.00031813
    358.0443          0.00063626

    358.4474          0.00000000
    358.4474          0.00000000
    358.4474          0.00000000
    358.4474          0.00000000
    358.4474          0.00000000

    358.6152          0.00000000
    358.6152          0.00032650
    358.6152          0.00065301
    358.6152          0.00130602
    358.6152          0.00261203

    359.3766          0.00000000
    359.3766          0.00101756
    359.3766          0.00203511
    359.3766          0.00407022
    359.3766          0.00814044

    360.9784          0.00000000
    360.9784          0.00815373
    360.9784          0.01630746
    360.9784          0.03261491
    360.9784          0.06522982

    361.7859          0.00000000
    361.7859          0.02361290
    361.7859          0.04722579
    361.7859          0.09445158
    361.7859          0.18890316

    362.3114          0.00000000
    362.3114          0.00000000
    362.3114          0.00000001
    362.3114          0.00000001
    362.3114          0.00000002

    362.6826          0.00000000
    362.6826          0.08286116
    362.6826          0.16572232
    362.6826          0.33144464
    362.6826          0.66288928

    363.0699          0.00000000
    363.0699          0.00094571
    363.0699          0.00189142
    363.0699          0.00378284
    363.0699          0.00756567

    364.6384          0.00000000
    364.6384          0.04016699
    364.6384          0.08033398
    364.6384          0.16066796
    364.6384          0.32133592

    367.1951          0.00000000
    367.1951          0.00516558
    367.1951          0.01033116
    367.1951          0.02066231
    367.1951          0.04132462

    372.1688          0.00000000
    372.1688          0.07067716
    372.1688          0.14135431
    372.1688          0.28270863
    372.1688          0.56541725

    372.8266          0.00000000
    372.8266          0.03411646
    372.8266          0.06823293
    372.8266          0.13646586
    372.8266          0.27293171

    375.9519          0.00000000
    375.9519          0.01907057
    375.9519          0.03814114
    375.9519          0.07628229
    375.9519          0.15256457

    378.6526          0.00000000
    378.6526          0.00427037
    378.6526          0.00854074
    378.6526          0.01708147
    378.6526          0.03416294

    379.6454          0.00000000
    379.6454          0.00006191
    379.6454          0.00012382
    379.6454          0.00024764
    379.6454          0.00049528

    382.9982          0.00000000
    382.9982          0.00359121
    382.9982          0.00718241
    382.9982          0.01436482
    382.9982          0.02872964

    389.0763          0.00000000
    389.0763          0.04221138
    389.0763          0.08442275
    389.0763          0.16884551
    389.0763          0.33769101

    391.6291          0.00000000
    391.6291          0.01742130
    391.6291          0.03484260
    391.6291          0.06968520
    391.6291          0.13937041

    395.1771          0.00000000
    395.1771          0.01674959
    395.1771          0.03349919
    395.1771          0.06699838
    395.1771          0.13399675

    395.4672          0.00000000
    395.4672          0.00343424
    395.4672          0.00686847
    395.4672          0.01373695
    395.4672          0.02747389

    396.0294          0.00000000
    396.0294          0.00015392
    396.0294          0.00030785
    396.0294          0.00061569
    396.0294          0.00123138

    414.3062          0.00000000
    414.3062          0.01656052
    414.3062          0.03312104
    414.3062          0.06624207
    414.3062          0.13248414

    898.9076          0.00000000
    898.9076          0.00000000
    898.9076          0.00000000
    898.9076          0.00000000
    898.9076          0.00000000

    923.5545          0.00000000
    923.5545          0.00007606
    923.5545          0.00015212
    923.5545          0.00030425
    923.5545          0.00060849

    930.7690          0.00000000
    930.7690          0.00049109
    930.7690          0.00098219
    930.7690          0.00196437
    930.7690          0.00392874

    933.1699          0.00000000
    933.1699          0.00005074
    933.1699          0.00010148
    933.1699          0.00020296
    933.1699          0.00040592

    935.2349          0.00000000
    935.2349          0.00005982
    935.2349          0.00011963
    935.2349          0.00023927
    935.2349          0.00047853

    937.9924          0.00000000
    937.9924          0.00000257
    937.9924          0.00000514
    937.9924          0.00001029
    937.9924          0.00002057

